4294967294,0
4294967279,0
4294967279,260
4294967279,14
4294967279,13
4294967279,12
4294967279,11
4294967278,192
4294967278,191
4294967278,190
4294967279,336
4294967278,307
4294967278,188
4294967278,305
37,8
37,7
37,2
4294967278,186
4294967278,185
4294967278,184
4294967278,183
4294967278,182
4294967278,527
39,2
4294967278,180
4294967279,181
4294967278,179
4294967278,178
4294967278,177
4294967278,176
4294967279,354
22,5
22,1
4294967279,173
4294967279,171
37,1
4294967279,169
4294967278,288
4294967279,366
4294967278,287
4294967279,301
4294967278,538
39,4
39,5
4294967279,159
26,5
25,4
25,5
22,4
20,4
20,5
37,6
37,5
37,9
37,4
12,5
12,4
4294967279,156
4294967294,1362
4294967279,153
4294967294,1363
4294967294,7
4294967294,1355
4294967294,473
4294967294,5
4294967294,93
4294967294,95
4294967294,22
4294967294,99
4294967294,956
2,4
4294967294,974
4294967294,81
4294967294,971
4294967278,132
4294967278,131
4294967278,130
4294967278,129
4294967278,128
4294967278,127
4294967278,126
4294967278,125
4294967278,124
4294967278,123
4294967278,122
4294967278,121
4294967278,120
4294967278,119
4294967278,118
4294967278,117
4294967278,116
4294967278,115
4294967278,114
4294967278,113
4294967278,112
4294967278,111
4294967278,110
4294967278,109
4294967278,108
4294967278,107
4294967278,106
4294967278,105
4294967278,104
4294967278,103
4294967278,102
4294967278,101
4294967278,100
4294967278,99
4294967278,98
4294967278,97
4294967278,96
4294967278,95
4294967278,94
4294967278,93
4294967278,92
4294967278,91
4294967278,90
4294967278,89
4294967278,87
4294967278,86
4294967278,85
4294967278,84
4294967278,83
4294967278,82
4294967278,81
4294967278,80
4294967278,79
4294967278,78
4294967278,77
4294967278,76
4294967278,75
4294967278,74
4294967278,73
4294967278,72
4294967278,71
4294967278,70
4294967278,69
4294967278,68
4294967278,67
4294967278,66
4294967278,65
4294967278,64
4294967278,63
4294967278,62
4294967278,61
4294967278,60
4294967278,0
4294967278,260
4294967279,80
4294967279,75
4294967279,73
4294967279,72
4294967279,70
4294967279,69
4294967279,66
4294967279,64
4294967279,62
4294967279,61
4294967279,59
4294967279,56
4294967279,54
4294967279,53
4294967279,51
4294967279,48
4294967279,47
4294967279,46
4294967279,42
4294967279,41
4294967279,28
4294967279,290
4294967279,19
4294967279,18
4294967279,17
4294967279,15
4294967279,10
4294967279,362
4294967279,9
4294967279,8
4294967279,7
4294967279,261
4294967279,6
4294967279,282
4294967279,5
4294967279,364
4294967279,4
4294967294,92
4294967294,88
4294967294,11
4294967294,46
4294967294,388
4294967294,165
4294967294,167
4294967294,177
4294967294,164
4294967294,438
4294967294,189
4294967294,40
4294967294,15
4294967294,426
4294967294,183
4294967279,36
4294967279,330
4294967279,146
4294967279,363
4294967279,29
0,5
4294967294,1360
4294967294,6
4294967294,474
4294967294,476
4294967294,926
4294967294,1
4294967294,12
4294967294,18
4294967294,470
4294967294,925
4294967294,27
4294967294,104
4294967294,106
4294967294,166
4294967294,24
4294967294,160
4294967294,168
4294967294,173
4294967294,968
4294967294,68
4294967294,17
4294967294,67
4294967294,76
4294967294,43
4294967294,51
4294967294,451
4294967294,25
4294967294,535
4294967294,26
4294967294,422
4294967294,82
4294967294,83
4294967278,549
58,5
58,4
58,3
58,2
58,1
4294967294,472
4294967278,280
4294967293,131
4294967293,130
4294967293,129
4294967293,128
4294967293,127
4294967293,126
4294967293,125
4294967293,124
4294967293,123
4294967293,122
4294967293,121
4294967293,120
4294967293,119
4294967293,118
4294967293,117
4294967293,116
4294967293,115
4294967293,114
4294967293,113
4294967293,112
4294967293,111
4294967293,110
4294967293,109
4294967293,108
4294967293,107
4294967293,106
4294967293,105
4294967293,104
4294967293,103
4294967293,102
4294967293,101
4294967293,100
4294967293,99
4294967293,98
4294967293,97
4294967293,96
4294967293,95
4294967293,94
4294967293,93
4294967293,92
4294967293,91
4294967293,90
4294967293,89
4294967293,88
4294967293,87
4294967293,86
4294967293,85
4294967293,84
4294967293,83
4294967293,82
4294967293,81
4294967293,80
4294967293,79
4294967293,78
4294967293,77
4294967293,76
4294967293,75
4294967293,74
4294967293,73
4294967293,72
4294967293,71
4294967293,70
4294967293,69
4294967293,68
4294967293,67
4294967293,66
4294967293,65
